1.490000 0.807724
1.980000 0.807724
2.470000 0.807724
2.960000 0.807724
3.450000 0.807723
3.940000 0.807723
4.430000 0.807723
4.920000 0.807723
5.410000 0.807722
5.900000 0.807722
6.390000 0.807722
6.880000 0.807721
7.370000 0.807721
7.860000 0.807721
8.350000 0.807720
8.840000 0.807720
9.330000 0.807719
9.820000 0.807719
10.310000 0.807718
10.800000 0.807718
11.290000 0.807717
11.780000 0.807716
12.270000 0.807716
12.760000 0.807715
13.250000 0.807714
13.740000 0.807714
14.230000 0.807713
14.720000 0.807712
15.210000 0.807711
15.700000 0.807710
16.190000 0.807710
16.680000 0.807709
17.170000 0.807708
17.660000 0.807707
18.150000 0.807706
18.640000 0.807705
19.130000 0.807704
19.620000 0.807703
20.110000 0.807702
20.600000 0.807701
21.090000 0.807700
21.580000 0.807698
22.070000 0.807697
22.560000 0.807696
23.050000 0.807695
23.540000 0.807694
24.030000 0.807692
24.520000 0.807691
25.010000 0.807690
25.500000 0.807688
25.990000 0.807687
26.480000 0.807685
26.970000 0.807684
27.460000 0.807683
27.950000 0.807681
28.440000 0.807680
28.930000 0.807678
29.420000 0.807676
29.910000 0.807675
30.400000 0.807673
30.890000 0.807672
31.380000 0.807670
31.870000 0.807668
32.360000 0.807666
32.850000 0.807665
33.340000 0.807663
33.830000 0.807661
34.320000 0.807659
34.810000 0.807657
35.300000 0.807656
35.790000 0.807654
36.280000 0.807652
36.770000 0.807650
37.260000 0.807648
37.750000 0.807646
38.240000 0.807644
38.730000 0.807642
39.220000 0.807639
39.710000 0.807637
40.200000 0.807635
40.690000 0.807633
41.180000 0.807631
41.670000 0.807629
42.160000 0.807626
42.650000 0.807624
43.140000 0.807622
43.630000 0.807619
44.120000 0.807617
44.610000 0.807615
45.100000 0.807612
45.590000 0.807610
46.080000 0.807607
46.570000 0.807605
47.060000 0.807602
47.550000 0.807600
48.040000 0.807597
48.530000 0.807595
49.020000 0.807592
