1.490000 0.611814
1.980000 0.611813
2.470000 0.611813
2.960000 0.611813
3.450000 0.611813
3.940000 0.611813
4.430000 0.611813
4.920000 0.611812
5.410000 0.611812
5.900000 0.611812
6.390000 0.611811
6.880000 0.611811
7.370000 0.611811
7.860000 0.611810
8.350000 0.611810
8.840000 0.611809
9.330000 0.611809
9.820000 0.611808
10.310000 0.611808
10.800000 0.611807
11.290000 0.611807
11.780000 0.611806
12.270000 0.611805
12.760000 0.611805
13.250000 0.611804
13.740000 0.611803
14.230000 0.611802
14.720000 0.611802
15.210000 0.611801
15.700000 0.611800
16.190000 0.611799
16.680000 0.611798
17.170000 0.611797
17.660000 0.611796
18.150000 0.611796
18.640000 0.611795
19.130000 0.611794
19.620000 0.611792
20.110000 0.611791
20.600000 0.611790
21.090000 0.611789
21.580000 0.611788
22.070000 0.611787
22.560000 0.611786
23.050000 0.611784
23.540000 0.611783
24.030000 0.611782
24.520000 0.611781
25.010000 0.611779
25.500000 0.611778
25.990000 0.611776
26.480000 0.611775
26.970000 0.611774
27.460000 0.611772
27.950000 0.611771
28.440000 0.611769
28.930000 0.611768
29.420000 0.611766
29.910000 0.611764
30.400000 0.611763
30.890000 0.611761
31.380000 0.611760
31.870000 0.611758
32.360000 0.611756
32.850000 0.611754
33.340000 0.611753
33.830000 0.611751
34.320000 0.611749
34.810000 0.611747
35.300000 0.611745
35.790000 0.611743
36.280000 0.611741
36.770000 0.611739
37.260000 0.611737
37.750000 0.611735
38.240000 0.611733
38.730000 0.611731
39.220000 0.611729
39.710000 0.611727
40.200000 0.611725
40.690000 0.611723
41.180000 0.611720
41.670000 0.611718
42.160000 0.611716
42.650000 0.611714
43.140000 0.611711
43.630000 0.611709
44.120000 0.611707
44.610000 0.611704
45.100000 0.611702
45.590000 0.611699
46.080000 0.611697
46.570000 0.611694
47.060000 0.611692
47.550000 0.611689
48.040000 0.611687
48.530000 0.611684
49.020000 0.611682
