1.490000 1.618522
1.980000 1.639057
2.470000 1.665679
2.960000 1.698635
3.450000 1.738267
3.940000 1.785038
4.430000 1.839579
4.920000 1.902741
5.410000 1.975685
5.900000 2.060012
6.390000 2.157974
6.880000 2.272818
7.370000 2.409393
7.860000 2.575284
8.350000 2.783051
8.840000 3.054676
9.330000 3.426275
9.820000 3.863195
10.310000 3.760815
10.800000 3.316186
11.290000 2.976121
11.780000 2.726747
12.270000 2.536020
12.760000 2.385842
13.250000 2.266278
13.740000 2.171863
14.230000 2.099795
14.720000 2.049025
15.210000 2.019760
15.700000 2.013189
16.190000 2.031327
16.680000 2.077018
17.170000 2.154181
17.660000 2.268535
18.150000 2.429249
18.640000 2.652395
19.130000 2.966909
19.620000 3.398102
20.110000 3.602024
20.600000 3.191397
21.090000 2.806435
21.580000 2.527805
22.070000 2.317747
22.560000 2.151851
23.050000 2.016101
23.540000 1.901995
24.030000 1.804059
24.520000 1.718588
25.010000 1.642966
25.500000 1.575289
25.990000 1.514131
26.480000 1.458402
26.970000 1.407252
27.460000 1.360006
27.950000 1.316123
28.440000 1.275161
28.930000 1.236758
29.420000 1.200612
29.910000 1.166469
30.400000 1.134116
30.890000 1.103370
31.380000 1.074074
31.870000 1.046093
32.360000 1.019310
32.850000 0.993620
33.340000 0.968935
33.830000 0.945175
34.320000 0.922268
34.810000 0.900153
35.300000 0.878772
35.790000 0.858075
36.280000 0.838017
36.770000 0.818558
37.260000 0.799658
37.750000 0.781286
38.240000 0.763410
38.730000 0.746001
39.220000 0.729035
39.710000 0.712487
40.200000 0.696336
40.690000 0.680561
41.180000 0.665144
41.670000 0.650068
42.160000 0.635316
42.650000 0.620874
43.140000 0.606728
43.630000 0.592865
44.120000 0.579272
44.610000 0.565940
45.100000 0.552856
45.590000 0.540011
46.080000 0.527397
46.570000 0.515003
47.060000 0.502821
47.550000 0.490845
48.040000 0.479066
48.530000 0.467477
49.020000 0.456072
