1.490000 1.990377
1.980000 2.010423
2.470000 2.036380
2.960000 2.068462
3.450000 2.106959
3.940000 2.152264
4.430000 2.204899
4.920000 2.265555
5.410000 2.335147
5.900000 2.414877
6.390000 2.506338
6.880000 2.611612
7.370000 2.733377
7.860000 2.874839
8.350000 3.038921
8.840000 3.224560
9.330000 3.413476
9.820000 3.541607
10.310000 3.519560
10.800000 3.366409
11.290000 3.175933
11.780000 2.997949
12.270000 2.844517
12.760000 2.715679
13.250000 2.609192
13.740000 2.523117
14.230000 2.456353
14.720000 2.408657
15.210000 2.380539
15.700000 2.373129
16.190000 2.388050
16.680000 2.427304
17.170000 2.493205
17.660000 2.588284
18.150000 2.714892
18.640000 2.873195
19.130000 3.053165
19.620000 3.211366
20.110000 3.255117
20.600000 3.145007
21.090000 2.962434
21.580000 2.778635
22.070000 2.615822
22.560000 2.475800
23.050000 2.355417
23.540000 2.251047
24.030000 2.159603
24.520000 2.078641
25.010000 2.006259
25.500000 1.940975
25.990000 1.881628
26.480000 1.827297
26.970000 1.777245
27.460000 1.730875
27.950000 1.687700
28.440000 1.647319
28.930000 1.609397
29.420000 1.573652
29.910000 1.539849
30.400000 1.507784
30.890000 1.477285
31.380000 1.448203
31.870000 1.420407
32.360000 1.393785
32.850000 1.368239
33.340000 1.343679
33.830000 1.320030
34.320000 1.297223
34.810000 1.275197
35.300000 1.253896
35.790000 1.233271
36.280000 1.213279
36.770000 1.193878
37.260000 1.175033
37.750000 1.156710
38.240000 1.138879
38.730000 1.121512
39.220000 1.104584
39.710000 1.088071
40.200000 1.071953
40.690000 1.056208
41.180000 1.040819
41.670000 1.025769
42.160000 1.011041
42.650000 0.996622
43.140000 0.982497
43.630000 0.968654
44.120000 0.955080
44.610000 0.941765
45.100000 0.928697
45.590000 0.915868
46.080000 0.903268
46.570000 0.890888
47.060000 0.878719
47.550000 0.866755
48.040000 0.854988
48.530000 0.843410
49.020000 0.832016
