1.490000 2.134862
1.980000 2.154340
2.470000 2.179527
2.960000 2.210599
3.450000 2.247793
3.940000 2.291424
4.430000 2.341902
4.920000 2.399754
5.410000 2.465645
5.900000 2.540399
6.390000 2.625004
6.880000 2.720564
7.370000 2.828115
7.860000 2.948075
8.350000 3.078793
8.840000 3.213106
9.330000 3.332099
9.820000 3.401613
10.310000 3.390609
10.800000 3.305102
11.290000 3.180934
11.780000 3.049212
12.270000 2.925630
12.760000 2.816095
13.250000 2.722352
13.740000 2.644790
14.230000 2.583601
14.720000 2.539202
15.210000 2.512351
15.700000 2.504111
16.190000 2.515743
16.680000 2.548529
17.170000 2.603517
17.660000 2.681071
18.150000 2.779866
18.640000 2.894475
19.130000 3.010311
19.620000 3.097537
20.110000 3.118156
20.600000 3.059133
21.090000 2.947087
21.580000 2.816854
22.070000 2.688926
22.560000 2.571167
23.050000 2.465291
23.540000 2.370677
24.030000 2.286006
24.520000 2.209885
25.010000 2.141054
25.500000 2.078435
25.990000 2.021128
26.480000 1.968387
26.970000 1.919594
27.460000 1.874235
27.950000 1.831883
28.440000 1.792178
28.930000 1.754817
29.420000 1.719544
29.910000 1.686139
30.400000 1.654414
30.890000 1.624207
31.380000 1.595378
31.870000 1.567802
32.360000 1.541372
32.850000 1.515995
33.340000 1.491585
33.830000 1.468069
34.320000 1.445380
34.810000 1.423460
35.300000 1.402255
35.790000 1.381716
36.280000 1.361802
36.770000 1.342472
37.260000 1.323692
37.750000 1.305428
38.240000 1.287651
38.730000 1.270334
39.220000 1.253451
39.710000 1.236981
40.200000 1.220901
40.690000 1.205193
41.180000 1.189837
41.670000 1.174818
42.160000 1.160120
42.650000 1.145728
43.140000 1.131628
43.630000 1.117809
44.120000 1.104257
44.610000 1.090963
45.100000 1.077916
45.590000 1.065105
46.080000 1.052522
46.570000 1.040159
47.060000 1.028006
47.550000 1.016057
48.040000 1.004303
48.530000 0.992739
49.020000 0.981357
